4 3
103 110 255
2 3
1,0,0
1,1,1
0 0 0 0 0 0 0 0 0 0
0 0 0 0 0 0 0 0 0 0
0 0 0 0 0 0 0 0 0 0
0 0 0 0 0 0 0 0 0 0
0 0 0 0 0 0 0 0 0 0
0 0 0 0 0 0 0 0 0 0
0 0 0 0 0 0 0 0 0 0
0 0 0 0 0 0 0 0 0 0
0 0 0 0 0 0 0 0 0 0
0 0 0 0 0 0 0 0 0 0
0 0 0 0 0 0 0 0 0 0
0 0 0 0 0 0 0 0 0 0
0 0 0 0 0 0 0 0 0 0
0 0 0 0 0 0 0 0 0 0
0 0 0 0 0 0 0 0 (56,190,204) 0
0 0 0 0 0 0 0 (56,190,204) (56,190,204) 0
0 (239,44,57) 0 (62,224,23) (62,224,23) (215,251,228) 0 0 (56,190,204) 0
0 (239,44,57) (239,44,57) (62,224,23) (81,54,236) (215,251,228) 0 0 (225,253,38) (225,253,38)
0 (239,44,57) (30,1,77) (62,224,23) (81,54,236) (215,251,228) (215,251,228) 0 (63,13,0) (225,253,38)
0 (30,1,77) (30,1,77) (30,1,77) (81,54,236) (81,54,236) (63,13,0) (63,13,0) (63,13,0) (225,253,38)